00096
00097
00098
00099
00100
00646
00647
00648
00649
00650
00651
00690
00691
00692
00693
00694
01074
01075
01076
01077
01078
01079
01080
01081
01082
01083
01363
01364
01365
01366
01367
02006
02007
02008
02009
02010
02011
02245
02246
02247
02248
02249
02250
02561
02562
02563
02564
02565
02566
02899
02900
02901
02902
02903
02904
02927
02928
02929
02930
02931
02932
02933
04406
04407
04408
04409
04410
04411
04412
04413
04414
04415
04647
04648
04649
04650
04651
05060
05061
05062
05063
05064
05065
05066
05067
05068
05069
05070
05071
05072
05073
05074
05075
05076
05077
05078
05079
05080
05081
05082
05083
05084
05085
05086
05087
05088
05089
05090
05091
05092
05093
05473
05474
05475
05476
05477
05478
05479
05480
05481
09928
09929
09930
09931
09932
09933
09959
09960
09961
09962
09963
09964
09965
09966
09967
09968
13391
13392
13393
13394
13395
13622
13623
13624
13625
13626
15862
15863
15864
15865
15866
15867
15868
15869
15870
15871
16424
16425
16426
16427
16428
16429
17627
17628
17629
17630
17631
17632
17633
17634
17635
17636
17637
19038
19039
19040
19041
19042
